0,17,47,51400,365743.4629,3277982.64382,4.99,4,5.0,1.0,-3.0,1
0,17,47,51600,365742.930355,3277981.80656,5.183,4,5.0,1.0,-3.0,1
0,17,47,51800,365742.257107,3277980.78448,5.376,4,5.0,1.0,-3.0,1
0,17,47,52000,365741.498089,3277979.69003,5.564,4,5.0,1.0,-3.0,1
0,17,47,52200,365741.05532,3277978.68549,5.774,4,5.0,1.0,-3.0,1
0,17,47,52400,365740.606459,3277977.56864,5.971,4,5.0,1.0,-3.0,1
0,17,47,52600,365740.133317,3277976.40873,6.129,4,5.0,1.0,-3.0,1
0,17,47,52800,365739.455062,3277975.16331,6.401,4,5.0,1.0,-3.0,1
0,17,47,53000,365738.997635,3277973.7399,6.59,4,5.0,1.0,-3.0,1
0,17,47,53200,365738.660816,3277972.56457,6.753,4,5.0,1.0,-3.0,1
0,17,47,53400,365738.402094,3277971.17414,7.049,4,5.0,1.0,-3.0,1
0,17,47,53600,365738.189551,3277969.60409,7.272,4,5.0,1.0,-3.0,1
0,17,47,53800,365738.177834,3277968.30477,7.284,4,5.0,1.0,-3.0,1
0,17,47,54000,365738.10381,3277966.85433,7.368,4,5.0,1.0,-3.0,1
0,17,47,54200,365738.096534,3277965.46754,7.506,4,5.0,1.0,-3.0,1
0,17,47,54400,365737.969757,3277963.93366,7.557,4,5.0,1.0,-3.0,1
0,17,47,54600,365738.052626,3277962.49986,7.664,4,5.0,1.0,-3.0,1
0,17,47,54800,365738.124249,3277960.87433,7.805,4,5.0,1.0,-3.0,1
0,17,47,55000,365738.017904,3277959.25342,7.964,4,5.0,1.0,-3.0,1
0,17,47,55200,365737.97216,3277957.61845,8.12,4,5.0,1.0,-3.0,1
0,17,47,55400,365738.069977,3277955.9756,8.199,4,5.0,1.0,-3.0,1
0,17,47,55600,365738.091938,3277954.21203,8.338,4,5.0,1.0,-3.0,1
0,17,47,55800,365738.124028,3277952.38955,8.522,4,5.0,1.0,-3.0,1
0,17,47,56000,365738.068217,3277950.64026,8.701,4,5.0,1.0,-3.0,1
0,17,47,56200,365738.130066,3277948.88216,8.807,4,5.0,1.0,-3.0,1
0,17,47,56400,365738.280812,3277946.98582,9.083,4,5.0,1.0,-3.0,1
0,17,47,56600,365738.307644,3277945.1009,9.108,4,5.0,1.0,-3.0,1
0,17,47,56800,365738.232578,3277943.14119,9.275,4,5.0,1.0,-3.0,1
0,17,47,57000,365738.227723,3277941.1803,9.467,4,5.0,1.0,-3.0,1
0,17,47,57200,365738.221589,3277939.34298,9.561,4,5.0,1.0,-3.0,1
0,17,47,57400,365738.159515,3277937.31445,9.76,4,5.0,1.0,-3.0,1
0,17,47,57600,365738.106793,3277935.33504,9.966,4,5.0,1.0,-3.0,1
0,17,47,57800,365738.09158,3277933.14781,10.157,4,5.0,1.0,-3.0,1
0,17,47,58000,365737.959488,3277931.06486,10.195,4,5.0,1.0,-3.0,1
0,17,47,58200,365738.01502,3277928.99063,10.383,4,5.0,1.0,-3.0,1
0,17,47,58400,365737.932995,3277926.91749,10.435,4,5.0,1.0,-3.0,1
0,17,47,58600,365738.029728,3277924.70742,10.681,4,5.0,1.0,-3.0,1
0,17,47,58800,365738.051428,3277922.5443,10.67,4,5.0,1.0,-3.0,1
0,17,47,59000,365738.020261,3277920.31922,10.763,4,5.0,1.0,-3.0,1
0,17,47,59000,365738.042778,3277918.24844,10.879,4,5.0,1.0,-3.0,1
0,17,47,59200,365738.004326,3277916.17796,10.897,4,5.0,1.0,-3.0,1
0,17,47,59600,365737.946299,3277914.0325,11.026,4,5.0,1.0,-3.0,1
0,17,47,59800,365737.939784,3277911.78999,11.116,4,5.0,1.0,-3.0,1
0,17,47,59800,365737.915863,3277909.62559,11.108,4,5.0,1.0,-3.0,1
0,17,48,200,365737.816535,3277907.37594,11.207,4,5.0,1.0,-3.0,1
0,17,48,400,365737.920774,3277905.04399,11.291,4,5.0,1.0,-3.0,1
0,17,48,600,365737.975317,3277902.7307,11.299,4,5.0,1.0,-3.0,1
0,17,48,800,365737.981154,3277900.51778,11.381,4,5.0,1.0,-3.0,1
0,17,48,1000,365738.061462,3277898.20838,11.452,4,5.0,1.0,-3.0,1
0,17,48,1200,365738.099982,3277895.97288,11.496,4,5.0,1.0,-3.0,1
0,17,48,1200,365738.06764,3277893.73998,11.404,4,5.0,1.0,-3.0,1
0,17,48,1400,365738.093882,3277891.52883,11.475,4,5.0,1.0,-3.0,1
0,17,48,1800,365738.200901,3277889.24138,11.549,4,5.0,1.0,-3.0,1
0,17,48,1800,365738.188923,3277886.92121,11.651,4,5.0,1.0,-3.0,1
0,17,48,2200,365738.110405,3277884.47309,11.749,4,5.0,1.0,-3.0,1
0,17,48,2200,365738.12232,3277882.11254,11.765,4,5.0,1.0,-3.0,1
0,17,48,2600,365738.133599,3277879.53892,11.901,4,5.0,1.0,-3.0,1
0,17,48,2800,365738.100537,3277877.16562,11.85,4,5.0,1.0,-3.0,1
0,17,48,3000,365737.949833,3277874.76306,11.906,4,5.0,1.0,-3.0,1
0,17,48,3000,365738.000132,3277872.38602,11.855,4,5.0,1.0,-3.0,1
0,17,48,3200,365738.010123,3277870.028,11.946,4,5.0,1.0,-3.0,1
0,17,48,3400,365737.910051,3277867.73892,11.98,4,5.0,1.0,-3.0,1
0,17,48,3600,365737.872557,3277865.33396,12.104,4,5.0,1.0,-3.0,1
0,17,48,3800,365737.79282,3277862.98669,12.167,4,5.0,1.0,-3.0,1
0,17,48,4000,365737.839831,3277860.69237,12.146,4,5.0,1.0,-3.0,1
0,17,48,4200,365737.809648,3277858.37693,12.185,4,5.0,1.0,-3.0,1
0,17,48,4400,365737.74155,3277855.90614,12.3,4,5.0,1.0,-3.0,1
0,17,48,4600,365737.937948,3277853.58672,12.369,4,5.0,1.0,-3.0,1
0,17,48,4800,365737.906259,3277851.19395,12.271,4,5.0,1.0,-3.0,1
0,17,48,5000,365737.844991,3277848.69311,12.278,4,5.0,1.0,-3.0,1
0,17,48,5200,365737.897176,3277846.20691,12.39,4,5.0,1.0,-3.0,1
0,17,48,5400,365737.967953,3277843.89076,12.313,4,5.0,1.0,-3.0,1
0,17,48,5600,365737.881061,3277841.54338,12.342,4,5.0,1.0,-3.0,1
0,17,48,5800,365737.816822,3277839.18762,12.324,4,5.0,1.0,-3.0,1
0,17,48,6000,365737.712456,3277836.64163,12.327,4,5.0,1.0,-3.0,1
0,17,48,6200,365737.683929,3277833.84509,12.292,4,5.0,1.0,-3.0,1
1,17,47,56430,0,3277744.52931,9.97129389077,4,4.4,5,-5,2
3,17,47,56430,0,3277877.60805,12.7814087247,4,5.0,5,-5,2
0,17,48,6400,365737.549803,3277831.49905,12.203,4,5.0,1.0,-3.0,1
1,17,47,56637,0,3277742.93724,9.86855969415,4,4.4,5,-5,2
3,17,47,56637,0,3277875.31537,12.7275409867,4,5.0,5,-5,2
0,17,48,6600,365737.475912,3277829.12717,12.176,4,5.0,1.0,-3.0,1
1,17,47,56840,0,3277740.91712,9.68582861271,4,4.4,5,-5,2
3,17,47,56840,0,3277872.5573,12.6779974662,4,5.0,5,-5,2
0,17,48,6800,365737.367369,3277826.60637,12.19,4,5.0,1.0,-3.0,1
1,17,47,57043,0,3277738.96805,9.48413307782,4,4.4,5,-5,2
3,17,47,57043,0,3277870.40834,12.6898152915,4,5.0,5,-5,2
0,17,48,7000,365737.421119,3277824.20218,12.107,4,5.0,1.0,-3.0,1
1,17,47,57242,0,3277737.20695,9.14749567462,4,4.4,5,-5,2
3,17,47,57242,0,3277867.96891,12.7035821947,4,5.0,5,-5,2
0,17,48,7200,365737.38329,3277821.70616,12.132,4,5.0,1.0,-3.0,1
1,17,47,57445,0,3277735.4471,8.84141942153,4,4.4,5,-5,2
3,17,47,57445,0,3277865.25972,12.6893657445,4,5.0,5,-5,2
0,17,48,7400,365737.380974,3277819.35976,12.051,4,5.0,1.0,-3.0,1
1,17,47,57652,0,3277733.79337,8.57876078296,4,4.4,5,-5,2
3,17,47,57652,0,3277862.61958,12.6980543923,4,5.0,5,-5,2
0,17,48,7600,365737.328762,3277817.04239,11.981,4,5.0,1.0,-3.0,1
1,17,47,57852,0,3277732.03581,8.34746826639,4,4.4,5,-5,2
3,17,47,57852,0,3277860.10369,12.7186923293,4,5.0,5,-5,2
0,17,48,7800,365737.308228,3277814.65387,11.94,4,5.0,1.0,-3.0,1
1,17,47,58055,0,3277730.53776,8.06382044591,4,4.4,5,-5,2
3,17,47,58052.0,0,3277857.5645,12.6732489282,4,5.0,5,-5,2
0,17,48,8000,365737.148589,3277812.13226,11.939,4,5.0,1.0,-3.0,1
1,17,47,58258,0,3277728.99849,7.7835916849,4,4.4,5,-5,2
3,17,47,58252.0,0,3277855.02713,12.7004054355,4,5.0,5,-5,2
0,17,48,8200,365737.042153,3277809.80422,11.87,4,5.0,1.0,-3.0,1
1,17,47,58461,0,3277727.47185,7.55084459648,4,4.4,5,-5,2
3,17,47,58452.0,0,3277852.48542,12.7167226421,4,5.0,5,-5,2
0,17,48,8400,365736.951081,3277807.48615,11.835,4,5.0,1.0,-3.0,1
1,17,47,58664,0,3277726.10995,7.12411545621,4,4.4,5,-5,2
3,17,47,58652.0,0,3277849.93986,12.7388103576,4,5.0,5,-5,2
0,17,48,8600,365736.778528,3277805.12653,11.765,4,5.0,1.0,-3.0,1
1,17,47,58867,0,3277724.76764,6.88949926577,4,4.4,5,-5,2
0,17,48,8800,365736.675305,3277802.85683,11.749,4,5.0,1.0,-3.0,1
1,17,47,59066,0,3277723.31018,6.58643515799,4,4.4,5,-5,2
4,17,47,59066,0,3277843.68709,12.7843400103,4,3.2,5,-5,2
0,17,48,9000,365736.627044,3277800.48089,11.685,4,5.0,1.0,-3.0,1
1,17,47,59270,0,3277721.89777,6.29434017105,4,4.4,5,-5,2
4,17,47,59270,0,3277841.83513,12.762652536,4,3.2,5,-5,2
0,17,48,9200,365736.629189,3277798.14873,11.63,4,5.0,1.0,-3.0,1
1,17,47,59477,0,3277720.58866,6.03786061455,4,4.4,5,-5,2
4,17,47,59477,0,3277839.47658,12.7919522556,4,3.2,5,-5,2
0,17,48,9400,365736.608745,3277795.86319,11.53,4,5.0,1.0,-3.0,1
1,17,47,59676,0,3277719.45971,5.81317581786,4,4.4,5,-5,2
4,17,47,59676,0,3277836.7249,12.7705870511,4,3.2,5,-5,2
5,17,47,59676,0,3277932.66015,16.1299728534,4,3.2,5,-5,2
0,17,48,9600,365736.618995,3277793.59059,11.533,4,5.0,1.0,-3.0,1
1,17,47,59879,0,3277718.24257,5.65693338069,4,4.4,5,-5,2
4,17,47,59879,0,3277834.10664,12.8824123659,4,3.2,5,-5,2
5,17,47,59879,0,3277929.07792,16.3126535202,4,3.2,5,-5,2
0,17,48,9800,365736.558482,3277791.29918,11.445,4,5.0,1.0,-3.0,1
1,17,48,82,0,3277717.24765,5.44939861062,4,4.4,5,-5,2
4,17,48,82,0,3277831.62848,12.8808321405,4,3.2,5,-5,2
5,17,48,82,0,3277926.23145,16.3971176718,4,3.2,5,-5,2
0,17,48,10000,365736.639102,3277789.01924,11.429,4,5.0,1.0,-3.0,1
1,17,48,281,0,3277716.13822,5.25818166986,4,4.4,5,-5,2
4,17,48,281,0,3277828.86399,12.9007825583,4,3.2,5,-5,2
5,17,48,281,0,3277923.15544,16.3556031847,4,3.2,5,-5,2
0,17,48,10200,365736.44938,3277786.69079,11.377,4,5.0,1.0,-3.0,1
1,17,48,539,0,3277715.09269,4.96371799439,4,4.4,5,-5,2
4,17,48,539,0,3277826.23702,12.8904776062,4,3.2,5,-5,2
5,17,48,481.0,0,3277919.88706,16.3282689709,4,3.2,5,-5,2
0,17,48,10400,365736.352222,3277784.38191,11.342,4,5.0,1.0,-3.0,1
1,17,48,738,0,3277714.12038,4.69955708417,4,4.4,5,-5,2
4,17,48,738,0,3277823.6408,12.8981046995,4,3.2,5,-5,2
5,17,48,844,0,3277916.37225,16.7633786367,4,3.2,5,-5,2
0,17,48,10600,365736.32605,3277782.11563,11.301,4,5.0,1.0,-3.0,1
1,17,48,941,0,3277713.27142,4.46579229929,4,4.4,5,-5,2
4,17,48,941,0,3277820.82007,12.8182534871,4,3.2,5,-5,2
5,17,48,941,0,3277912.94626,16.8894137965,4,3.2,5,-5,2
0,17,48,10800,365736.139378,3277779.81924,11.25,4,5.0,1.0,-3.0,1
1,17,48,1148,0,3277712.33393,4.15086385602,4,4.4,5,-5,2
4,17,48,1148,0,3277818.15774,12.8062972246,4,3.2,5,-5,2
5,17,48,1148,0,3277909.62428,16.9643928429,4,3.2,5,-5,2
0,17,48,11000,365736.182557,3277777.56394,11.252,4,5.0,1.0,-3.0,1
1,17,48,1348.0,0,3277711.5035,4.15349361882,4,4.4,5,-5,2
4,17,48,1348,0,3277815.72905,12.7621491853,4,3.2,5,-5,2
5,17,48,1348,0,3277906.50046,17.0004715638,4,3.2,5,-5,2
0,17,48,11200,365736.161754,3277775.20232,11.175,4,5.0,1.0,-3.0,1
1,17,48,1548.0,0,3277710.66801,4.20139736176,4,4.4,5,-5,2
4,17,48,1551,0,3277813.29848,12.7063057265,4,3.2,5,-5,2
5,17,48,1551,0,3277902.99833,17.0279676865,4,3.2,5,-5,2
0,17,48,11400,365736.1728,3277772.95189,11.132,4,5.0,1.0,-3.0,1
1,17,48,1748.0,0,3277709.83341,4.14457484522,4,4.4,5,-5,2
4,17,48,1754,0,3277810.7708,12.594402247,4,3.2,5,-5,2
5,17,48,1754,0,3277899.4995,17.0975834025,4,3.2,5,-5,2
0,17,48,11600,365736.131541,3277770.72676,11.095,4,5.0,1.0,-3.0,1
1,17,48,1948.0,0,3277709.0068,4.12152271239,4,4.4,5,-5,2
4,17,48,1961,0,3277808.2337,12.4979633847,4,3.2,5,-5,2
5,17,48,1961,0,3277895.90386,17.1186901881,4,3.2,5,-5,2
0,17,48,11800,365736.214663,3277768.50236,11.047,4,5.0,1.0,-3.0,1
4,17,48,2160,0,3277805.399,12.4709872811,4,3.2,5,-5,2
5,17,48,2160,0,3277892.41457,17.1003891565,4,3.2,5,-5,2
0,17,48,12000,365736.240925,3277766.31035,10.984,4,5.0,1.0,-3.0,1
4,17,48,2363,0,3277802.99032,12.4027109914,4,3.2,5,-5,2
5,17,48,2363,0,3277889.05646,17.1234452107,4,3.2,5,-5,2
0,17,48,12200,365736.175426,3277764.11738,10.855,4,5.0,1.0,-3.0,1
4,17,48,2566,0,3277800.66544,12.2365495762,4,3.2,5,-5,2
5,17,48,2566,0,3277885.40247,17.1717726111,4,3.2,5,-5,2
0,17,48,12400,365736.138881,3277761.94279,10.855,4,5.0,1.0,-3.0,1
4,17,48,2770,0,3277798.33374,12.1421409789,4,3.2,5,-5,2
5,17,48,2770,0,3277882.02402,17.2018751171,4,3.2,5,-5,2
0,17,48,12600,365736.066073,3277759.75507,10.791,4,5.0,1.0,-3.0,1
4,17,48,2973,0,3277795.88123,12.0248881532,4,3.2,5,-5,2
5,17,48,2973,0,3277878.52726,17.1856799852,4,3.2,5,-5,2
0,17,48,12800,365736.052194,3277757.5447,10.61,4,5.0,1.0,-3.0,1
4,17,48,3176,0,3277793.47645,11.9286034907,4,3.2,5,-5,2
5,17,48,3176,0,3277875.01472,17.2163440839,4,3.2,5,-5,2
0,17,48,13000,365736.05825,3277755.41864,10.488,4,5.0,1.0,-3.0,1
4,17,48,3379,0,3277791.1922,11.8606522139,4,3.2,5,-5,2
5,17,48,3379,0,3277871.35752,17.201762755,4,3.2,5,-5,2
0,17,48,13200,365735.898818,3277753.35267,10.286,4,5.0,1.0,-3.0,1
4,17,48,3578,0,3277788.72118,11.7399113357,4,3.2,5,-5,2
5,17,48,3578,0,3277867.95099,17.1904153265,4,3.2,5,-5,2
0,17,48,13400,365735.89073,3277751.27088,10.157,4,5.0,1.0,-3.0,1
4,17,48,3781,0,3277786.45994,11.6493164413,4,3.2,5,-5,2
5,17,48,3781,0,3277864.48958,17.2247561897,4,3.2,5,-5,2
0,17,48,13600,365735.888988,3277749.26045,9.922,4,5.0,1.0,-3.0,1
4,17,48,3988,0,3277784.06783,11.605927552,4,3.2,5,-5,2
5,17,48,3988,0,3277861.17727,17.2847881859,4,3.2,5,-5,2
0,17,48,14000,365735.722274,3277747.18223,9.734,4,5.0,1.0,-3.0,1
4,17,48,4391,0,3277781.70926,11.6145507264,4,3.2,5,-5,2
5,17,48,4391,0,3277857.63515,17.2777737556,4,3.2,5,-5,2
0,17,48,14200,365735.646887,3277745.23391,9.447,4,5.0,1.0,-3.0,1
4,17,48,4594,0,3277779.35974,11.6023112554,4,3.2,5,-5,2
5,17,48,4594,0,3277854.09856,17.2037959836,4,3.2,5,-5,2
0,17,48,14400,365735.542758,3277743.39183,9.254,4,5.0,1.0,-3.0,1
4,17,48,4797,0,3277776.97785,11.5096415914,4,3.2,5,-5,2
5,17,48,4797,0,3277850.50646,17.2146276126,4,3.2,5,-5,2
0,17,48,14600,365735.519415,3277741.51643,9.06,4,5.0,1.0,-3.0,1
4,17,48,5000,0,3277774.61552,11.4083451272,4,3.2,5,-5,2
5,17,48,5000,0,3277846.99108,17.1878369195,4,3.2,5,-5,2
0,17,48,14600,365735.512871,3277739.63361,8.863,4,5.0,1.0,-3.0,1
4,17,48,5203,0,3277772.29822,11.3234019713,4,3.2,5,-5,2
5,17,48,5203,0,3277843.31949,17.1251410558,4,3.2,5,-5,2
0,17,48,15000,365735.46674,3277737.81668,8.573,4,5.0,1.0,-3.0,1
4,17,48,5402,0,3277770.02711,11.1496527315,4,3.2,5,-5,2
5,17,48,5402,0,3277839.85773,17.1020417483,4,3.2,5,-5,2
0,17,48,15000,365735.594639,3277735.51866,8.23,4,5.0,1.0,-3.0,1
4,17,48,5605,0,3277767.73164,10.964189838,4,3.2,5,-5,2
5,17,48,5605,0,3277836.33124,17.0909370271,4,3.2,5,-5,2
0,17,48,15200,365735.580941,3277733.87046,7.9,4,5.0,1.0,-3.0,1
4,17,48,5812,0,3277765.42289,10.7628582282,4,3.2,5,-5,2
5,17,48,5812,0,3277832.8198,17.0248079083,4,3.2,5,-5,2
0,17,48,15600,365735.525658,3277732.30591,7.492,4,5.0,1.0,-3.0,1
4,17,48,6012,0,3277763.21719,10.5681377921,4,3.2,5,-5,2
5,17,48,6012,0,3277829.43848,16.9495715527,4,3.2,5,-5,2
0,17,48,15800,365735.464432,3277730.79601,7.295,4,5.0,1.0,-3.0,1
4,17,48,6215,0,3277761.12338,10.3815521921,4,3.2,5,-5,2
5,17,48,6215,0,3277826.04471,16.837562689,4,3.2,5,-5,2
0,17,48,15800,365735.477616,3277729.33585,7.077,4,5.0,1.0,-3.0,1
4,17,48,6414,0,3277758.98026,10.0977820689,4,3.2,5,-5,2
5,17,48,6414,0,3277822.64097,16.8175846416,4,3.2,5,-5,2
0,17,48,16200,365735.493361,3277727.82621,6.782,4,5.0,1.0,-3.0,1
4,17,48,6617,0,3277756.96147,9.89142419309,4,3.2,5,-5,2
5,17,48,6617,0,3277819.18809,16.6214004165,4,3.2,5,-5,2
0,17,48,16400,365735.284356,3277726.49821,6.392,4,5.0,1.0,-3.0,1
4,17,48,6820,0,3277755.05632,9.56486073744,4,3.2,5,-5,2
5,17,48,6820,0,3277815.64517,16.4652315835,4,3.2,5,-5,2
0,17,48,16600,365735.195078,3277725.18758,6.064,4,5.0,1.0,-3.0,1
4,17,48,7023,0,3277753.06849,9.27223732973,4,3.2,5,-5,2
5,17,48,7023,0,3277812.29768,16.3684268666,4,3.2,5,-5,2
0,17,48,16600,365735.286784,3277724.05953,5.856,4,5.0,1.0,-3.0,1
4,17,48,7227,0,3277751.04434,9.08289406195,4,3.2,5,-5,2
5,17,48,7227,0,3277808.9927,16.2276899927,4,3.2,5,-5,2
0,17,48,16800,365735.291136,3277722.78377,5.538,4,5.0,1.0,-3.0,1
4,17,48,7426,0,3277749.21742,8.7617657158,4,3.2,5,-5,2
5,17,48,7426,0,3277805.68488,16.1476773713,4,3.2,5,-5,2
0,17,48,17000,365735.227767,3277721.68512,5.335,4,5.0,1.0,-3.0,1
4,17,48,7633,0,3277747.45978,8.46339162749,4,3.2,5,-5,2
5,17,48,7633,0,3277802.4344,15.964001624,4,3.2,5,-5,2
0,17,48,17200,365735.230648,3277720.63336,5.083,4,5.0,1.0,-3.0,1
4,17,48,7836,0,3277745.72109,8.17515085781,4,3.2,5,-5,2
5,17,48,7836,0,3277799.16086,15.8393690775,4,3.2,5,-5,2
0,17,48,17400,365735.15435,3277719.60691,4.736,4,5.0,1.0,-3.0,1
4,17,48,8035,0,3277744.00926,8.05806493753,4,3.2,5,-5,2
5,17,48,8035,0,3277795.93268,15.7392638993,4,3.2,5,-5,2
0,17,48,17800,365735.161607,3277718.71712,4.363,4,5.0,1.0,-3.0,1
4,17,48,8238,0,3277742.43843,7.99739195419,4,3.2,5,-5,2
5,17,48,8238,0,3277792.74331,15.6287231672,4,3.2,5,-5,2
0,17,48,17800,365735.107129,3277717.89948,4.075,4,5.0,1.0,-3.0,1
4,17,48,8441,0,3277740.79904,7.91146897999,4,3.2,5,-5,2
5,17,48,8441,0,3277789.5249,15.5667812157,4,3.2,5,-5,2
0,17,48,18200,365735.15773,3277717.08283,4.091,4,5.0,1.0,-3.0,1
4,17,48,8645,0,3277739.14175,7.91604326845,4,3.2,5,-5,2
5,17,48,8645,0,3277786.24126,15.4265266767,4,3.2,5,-5,2
0,17,48,18200,365735.174293,3277716.26596,4.077,4,5.0,1.0,-3.0,1
4,17,48,8848,0,3277737.47851,7.91332256241,4,3.2,5,-5,2
5,17,48,8848,0,3277783.19077,15.2106175327,4,3.2,5,-5,2
0,17,48,18400,365735.154745,3277715.45108,4.071,4,5.0,1.0,-3.0,1
4,17,48,9047,0,3277735.75826,8.0852377141,4,3.2,5,-5,2
5,17,48,9047,0,3277780.18282,15.1123448875,4,3.2,5,-5,2
0,17,48,18600,365735.064263,3277714.63182,4.121,4,5.0,1.0,-3.0,1
4,17,48,9250,0,3277734.08229,8.18083709375,4,3.2,5,-5,2
5,17,48,9250,0,3277777.11644,15.0164630914,4,3.2,5,-5,2
0,17,48,18800,365735.00196,3277713.80798,4.118,4,5.0,1.0,-3.0,1
4,17,48,9449,0,3277732.36847,8.34776087876,4,3.2,5,-5,2
5,17,48,9449,0,3277774.12555,14.9799662105,4,3.2,5,-5,2
0,17,48,19000,365735.19868,3277712.98505,4.112,4,5.0,1.0,-3.0,1
4,17,48,9656,0,3277730.63278,8.45113066466,4,3.2,5,-5,2
5,17,48,9656,0,3277771.07598,14.9077898356,4,3.2,5,-5,2
0,17,48,19200,365735.30948,3277712.15796,4.159,4,5.0,1.0,-3.0,1
4,17,48,9859,0,3277728.93853,8.593372884,4,3.2,5,-5,2
5,17,48,9859,0,3277768.01236,14.7842227213,4,3.2,5,-5,2
0,17,48,19400,365735.245621,3277711.32817,4.14,4,5.0,1.0,-3.0,1
4,17,48,10059,0,3277727.17127,8.60961607304,4,3.2,5,-5,2
5,17,48,10059,0,3277765.00795,14.73870371,4,3.2,5,-5,2
0,17,48,19600,365735.093799,3277710.49893,4.155,4,5.0,1.0,-3.0,1
4,17,48,10262,0,3277725.47961,8.61737537672,4,3.2,5,-5,2
5,17,48,10262,0,3277762.01767,14.5788372013,4,3.2,5,-5,2
0,17,48,19800,365735.100486,3277712.20709,2.079,4,5.0,1.0,-3.0,1
4,17,48,10469,0,3277723.78865,8.76393237697,4,3.2,5,-5,2
5,17,48,10469,0,3277759.03362,14.4288635421,4,3.2,5,-5,2
0,17,48,20000,365735.008388,3277711.77514,1.775,4,5.0,1.0,-3.0,1
4,17,48,10668,0,3277721.99509,8.86549763472,4,3.2,5,-5,2
5,17,48,10668,0,3277756.1083,14.3149895716,4,3.2,5,-5,2
0,17,48,20200,365735.023106,3277711.44701,1.61,4,5.0,1.0,-3.0,1
4,17,48,10871,0,3277720.17976,8.99277156933,4,3.2,5,-5,2
5,17,48,10871,0,3277753.2396,14.1636123008,4,3.2,5,-5,2
0,17,48,20400,365735.053676,3277711.27796,1.391,4,5.0,1.0,-3.0,1
4,17,48,11074,0,3277718.3126,9.06595275288,4,3.2,5,-5,2
5,17,48,11074,0,3277750.41396,13.9691115847,4,3.2,5,-5,2
0,17,48,20600,365735.016703,3277711.15182,1.13,4,5.0,1.0,-3.0,1
4,17,48,11273,0,3277716.50221,9.17892070348,4,3.2,5,-5,2
5,17,48,11273,0,3277747.59167,13.7213652267,4,3.2,5,-5,2
0,17,48,20800,365734.955905,3277710.98471,0.956,4,5.0,1.0,-3.0,1
4,17,48,11480,0,3277714.54728,9.29382391441,4,3.2,5,-5,2
5,17,48,11480,0,3277744.81083,13.5222783949,4,3.2,5,-5,2
0,17,48,21000,365734.766401,3277710.90065,0.757,4,5.0,1.0,-3.0,1
4,17,48,11684,0,3277712.59185,9.33057155519,4,3.2,5,-5,2
5,17,48,11684,0,3277742.02561,13.2487027796,4,3.2,5,-5,2
0,17,48,21200,365734.708192,3277710.75953,0.683,4,5.0,1.0,-3.0,1
4,17,48,11883,0,3277710.74004,9.31475171541,4,3.2,5,-5,2
5,17,48,11883,0,3277739.42403,13.0652389093,4,3.2,5,-5,2
0,17,48,21400,365734.65627,3277710.5891,0.668,4,5.0,1.0,-3.0,1
4,17,48,12086,0,3277708.85234,9.35029552191,4,3.2,5,-5,2
5,17,48,12086,0,3277736.78528,12.8645767556,4,3.2,5,-5,2
0,17,48,21600,365734.582316,3277710.44394,0.69,4,5.0,1.0,-3.0,1
4,17,48,12293,0,3277706.91505,9.40041774568,4,3.2,5,-5,2
5,17,48,12293,0,3277734.16178,12.5890987765,4,3.2,5,-5,2
0,17,48,21800,365734.602207,3277710.29168,0.736,4,5.0,1.0,-3.0,1
4,17,48,12492,0,3277704.98879,9.33214258262,4,3.2,5,-5,2
5,17,48,12492,0,3277731.67197,12.3766841615,4,3.2,5,-5,2
0,17,48,22000,365734.593666,3277710.137,0.891,4,5.0,1.0,-3.0,1
4,17,48,12695,0,3277703.0838,9.30457623695,4,3.2,5,-5,2
5,17,48,12695,0,3277729.24927,12.1585697705,4,3.2,5,-5,2
0,17,48,22200,365734.677629,3277710.02495,0.939,4,5.0,1.0,-3.0,1
4,17,48,12898,0,3277701.21054,9.33695118918,4,3.2,5,-5,2
5,17,48,12898,0,3277726.8278,11.9809704984,4,3.2,5,-5,2
0,17,48,22400,365734.647783,3277709.78146,1.081,4,5.0,1.0,-3.0,1
4,17,48,13098,0,3277699.27119,9.25321242079,4,3.2,5,-5,2
5,17,48,13098,0,3277724.39986,11.7929541271,4,3.2,5,-5,2
0,17,48,22600,365734.625221,3277709.67894,1.225,4,5.0,1.0,-3.0,1
4,17,48,13305,0,3277697.54786,8.76573119869,4,3.2,5,-5,2
5,17,48,13305,0,3277722.05729,11.556572225,4,3.2,5,-5,2
0,17,48,22800,365734.672263,3277709.40615,1.445,4,5.0,1.0,-3.0,1
4,17,48,13504,0,3277695.80547,8.72915940845,4,3.2,5,-5,2
5,17,48,13504,0,3277719.73549,11.4414831553,4,3.2,5,-5,2
0,17,48,23000,365734.743574,3277709.15618,1.649,4,5.0,1.0,-3.0,1
4,17,48,13707,0,3277694.21936,8.07027712488,4,3.2,5,-5,2
5,17,48,13707,0,3277717.48208,11.1770639638,4,3.2,5,-5,2
0,17,48,23200,365734.739847,3277708.82561,1.969,4,5.0,1.0,-3.0,1
4,17,48,13910,0,3277692.64634,7.85237827536,4,3.2,5,-5,2
5,17,48,13910,0,3277715.29151,11.0208186195,4,3.2,5,-5,2
0,17,48,23400,365734.805841,3277708.31815,2.203,4,5.0,1.0,-3.0,1
4,17,48,14109,0,3277691.11062,7.58848474497,4,3.2,5,-5,2
5,17,48,14109,0,3277713.13463,10.6841040642,4,3.2,5,-5,2
0,17,48,23600,365734.763722,3277707.9176,2.437,4,5.0,1.0,-3.0,1
4,17,48,14316,0,3277689.521,7.50624007356,4,3.2,5,-5,2
5,17,48,14316,0,3277711.05718,10.4702241575,4,3.2,5,-5,2
6,17,48,14316,0,3277692.85043,4.54101106354,4,4.4,5,-5,2
0,17,48,23800,365734.786302,3277707.32264,2.592,4,5.0,1.0,-3.0,1
4,17,48,14516,0,3277688.05421,7.46542108035,4,3.2,5,-5,2
5,17,48,14516,0,3277709.0221,10.3159933472,4,3.2,5,-5,2
6,17,48,14516,0,3277691.93884,4.6773022344,4,4.4,5,-5,2
0,17,48,24000,365734.747517,3277706.75301,2.835,4,5.0,1.0,-3.0,1
4,17,48,14719,0,3277686.59609,7.50153981905,4,3.2,5,-5,2
5,17,48,14719,0,3277707.00871,10.1553644456,4,3.2,5,-5,2
6,17,48,14719,0,3277690.94203,4.76239447836,4,4.4,5,-5,2
0,17,48,24200,365734.776873,3277706.1294,3.028,4,5.0,1.0,-3.0,1
4,17,48,14922,0,3277685.05679,7.48238923671,4,3.2,5,-5,2
5,17,48,14922,0,3277705.01475,9.84549828625,4,3.2,5,-5,2
6,17,48,14922,0,3277690.25748,4.85655478611,4,4.4,5,-5,2
0,17,48,24400,365734.710903,3277705.48152,3.238,4,5.0,1.0,-3.0,1
4,17,48,15122.0,0,3277683.55628,7.52268990373,4,3.2,5,-5,2
5,17,48,15121,0,3277703.12864,9.63726820692,4,3.2,5,-5,2
6,17,48,15121,0,3277689.56048,4.97777608252,4,4.4,5,-5,2
0,17,48,24600,365734.809441,3277704.93276,3.308,4,5.0,1.0,-3.0,1
4,17,48,15322.0,0,3277682.04844,7.55572427531,4,3.2,5,-5,2
5,17,48,15328,0,3277701.20047,9.38298356783,4,3.2,5,-5,2
6,17,48,15328,0,3277688.54482,5.03445032223,4,4.4,5,-5,2
0,17,48,24800,365734.720806,3277704.2036,3.482,4,5.0,1.0,-3.0,1
4,17,48,15522.0,0,3277680.54479,7.48082139574,4,3.2,5,-5,2
5,17,48,15531,0,3277699.40343,8.87410193213,4,3.2,5,-5,2
6,17,48,15531,0,3277687.53065,5.230191342,4,4.4,5,-5,2
0,17,48,25000,365734.667363,3277703.36545,3.683,4,5.0,1.0,-3.0,1
4,17,48,15722.0,0,3277679.04107,7.5563538859,4,3.2,5,-5,2
5,17,48,15730,0,3277697.6557,8.32202360951,4,3.2,5,-5,2
6,17,48,15730,0,3277686.47953,5.31087711353,4,4.4,5,-5,2
0,17,48,25200,365734.700343,3277702.54644,3.909,4,5.0,1.0,-3.0,1
5,17,48,15988,0,3277696.08894,7.880959745,4,3.2,5,-5,2
6,17,48,15988,0,3277685.52896,5.27005704386,4,4.4,5,-5,2
0,17,48,25400,365734.752854,3277700.94098,4.417,4,5.0,1.0,-3.0,1
5,17,48,16188,0,3277694.55203,7.47950265821,4,3.2,5,-5,2
6,17,48,16188,0,3277684.14759,5.29533608644,4,4.4,5,-5,2
0,17,48,25600,365734.735723,3277700.04419,4.144,4,5.0,1.0,-3.0,1
5,17,48,16391,0,3277693.10131,7.23096741176,4,3.2,5,-5,2
6,17,48,16388.0,0,3277683.09648,5.21582290178,4,4.4,5,-5,2
0,17,48,25800,365734.694079,3277699.16217,4.15,4,5.0,1.0,-3.0,1
5,17,48,16594,0,3277691.75469,6.80398624338,4,3.2,5,-5,2
6,17,48,16588.0,0,3277682.04649,5.28401811247,4,4.4,5,-5,2
0,17,48,26000,365734.709109,3277698.22025,4.45,4,5.0,1.0,-3.0,1
5,17,48,16797,0,3277690.46203,6.18568115492,4,3.2,5,-5,2
6,17,48,16788.0,0,3277680.98807,5.3001598464,4,4.4,5,-5,2
0,17,48,26200,365734.765327,3277697.2473,4.942,4,5.0,1.0,-3.0,1
5,17,48,16996,0,3277689.22049,6.0652279513,4,3.2,5,-5,2
6,17,48,16988.0,0,3277679.91837,5.3969074656,4,4.4,5,-5,2
0,17,48,26400,365734.847609,3277696.27235,5.109,4,5.0,1.0,-3.0,1
5,17,48,17199,0,3277688.02418,6.00943457111,4,3.2,5,-5,2
0,17,48,26600,365734.897982,3277695.1518,5.256,4,5.0,1.0,-3.0,1
5,17,48,17399.0,0,3277686.82401,5.99230659707,4,3.2,5,-5,2
0,17,48,26800,365734.774535,3277694.07986,5.364,4,5.0,1.0,-3.0,1
5,17,48,17599.0,0,3277685.62108,6.03699049901,4,3.2,5,-5,2
0,17,48,27000,365734.793751,3277692.98428,5.392,4,5.0,1.0,-3.0,1
5,17,48,17799.0,0,3277684.41343,6.03945976564,4,3.2,5,-5,2
0,17,48,27200,365734.748888,3277691.95047,5.453,4,5.0,1.0,-3.0,1
5,17,48,17999.0,0,3277683.2055,6.03993594465,4,3.2,5,-5,2
0,17,48,27400,365734.729613,3277690.7905,5.551,4,5.0,1.0,-3.0,1
0,17,48,27600,365734.758774,3277689.57522,5.586,4,5.0,1.0,-3.0,1
0,17,48,27800,365734.656839,3277688.36528,5.62,4,5.0,1.0,-3.0,1
0,17,48,28000,365734.63313,3277687.22957,5.621,4,5.0,1.0,-3.0,1
0,17,48,28200,365734.670218,3277686.04611,5.669,4,5.0,1.0,-3.0,1
0,17,48,28400,365734.706339,3277684.90348,5.657,4,5.0,1.0,-3.0,1
0,17,48,28600,365734.76399,3277683.77368,5.698,4,5.0,1.0,-3.0,1
0,17,48,28800,365734.89709,3277682.63618,5.779,4,5.0,1.0,-3.0,1
0,17,48,29000,365735.005816,3277681.48036,5.788,4,5.0,1.0,-3.0,1
0,17,48,29200,365735.080587,3277680.30707,5.816,4,5.0,1.0,-3.0,1
0,17,48,29200,365735.191863,3277679.13881,5.832,4,5.0,1.0,-3.0,1
0,17,48,29600,365735.37385,3277677.8997,5.875,4,5.0,1.0,-3.0,1
0,17,48,29800,365735.504978,3277676.69139,5.82,4,5.0,1.0,-3.0,1
0,17,48,29800,365735.425487,3277675.44022,5.844,4,5.0,1.0,-3.0,1
0,17,48,30200,365735.467297,3277674.25613,5.806,4,5.0,1.0,-3.0,1
0,17,48,30200,365735.451749,3277673.09141,5.859,4,5.0,1.0,-3.0,1
0,17,48,30400,365735.396626,3277672.36741,6.381,4,5.0,1.0,-3.0,1
0,17,48,30600,365735.434271,3277671.18738,6.208,4,5.0,1.0,-3.0,1
0,17,48,30800,365735.512448,3277669.98753,6.194,4,5.0,1.0,-3.0,1
0,17,48,31000,365735.558748,3277668.80123,6.198,4,5.0,1.0,-3.0,1
0,17,48,31200,365735.515197,3277667.61925,6.24,4,5.0,1.0,-3.0,1
0,17,48,31600,365735.512608,3277666.43232,6.202,4,5.0,1.0,-3.0,1
0,17,48,31800,365735.47106,3277665.12118,6.266,4,5.0,1.0,-3.0,1
0,17,48,31800,365735.451977,3277663.81824,6.185,4,5.0,1.0,-3.0,1
0,17,48,32000,365735.457221,3277662.53689,6.299,4,5.0,1.0,-3.0,1
0,17,48,32400,365735.582142,3277661.35275,6.202,4,5.0,1.0,-3.0,1
0,17,48,32400,365735.739605,3277660.1497,6.249,4,5.0,1.0,-3.0,1
0,17,48,32800,365735.853385,3277658.86521,6.167,4,5.0,1.0,-3.0,1
0,17,48,33000,365736.041021,3277657.64529,6.262,4,5.0,1.0,-3.0,1
0,17,48,33000,365736.032494,3277656.54837,6.203,4,5.0,1.0,-3.0,1
0,17,48,33200,365736.136575,3277655.24731,6.171,4,5.0,1.0,-3.0,1
0,17,48,33400,365736.270454,3277653.92649,6.192,4,5.0,1.0,-3.0,1
0,17,48,33600,365736.390735,3277652.76963,6.137,4,5.0,1.0,-3.0,1
0,17,48,33800,365736.520384,3277651.62628,6.117,4,5.0,1.0,-3.0,1
0,17,48,34000,365736.536539,3277650.55207,6.06,4,5.0,1.0,-3.0,1
0,17,48,34200,365736.571465,3277649.31848,6.077,4,5.0,1.0,-3.0,1
0,17,48,34400,365736.659303,3277648.2098,6.056,4,5.0,1.0,-3.0,1
0,17,48,34600,365736.765187,3277647.04989,5.938,4,5.0,1.0,-3.0,1
0,17,48,34800,365736.912119,3277645.83063,5.854,4,5.0,1.0,-3.0,1
0,17,48,35000,365737.08852,3277644.71465,5.818,4,5.0,1.0,-3.0,1
0,17,48,35200,365737.292219,3277643.61645,5.671,4,5.0,1.0,-3.0,1
0,17,48,35400,365737.519223,3277642.59573,5.559,4,5.0,1.0,-3.0,1
0,17,48,35600,365737.590073,3277641.58586,5.464,4,5.0,1.0,-3.0,1
0,17,48,35800,365737.753782,3277640.44393,5.417,4,5.0,1.0,-3.0,1
0,17,48,36000,365737.8019,3277639.47389,5.215,4,5.0,1.0,-3.0,1
0,17,48,36200,365738.112766,3277638.41043,5.101,4,5.0,1.0,-3.0,1
0,17,48,36400,365738.297696,3277637.45781,4.908,4,5.0,1.0,-3.0,1
0,17,48,36600,365738.515828,3277636.56729,4.818,4,5.0,1.0,-3.0,1
0,17,48,36800,365738.541393,3277635.65011,4.658,4,5.0,1.0,-3.0,1
0,17,48,37000,365738.675066,3277634.87187,4.416,4,5.0,1.0,-3.0,1
0,17,48,37200,365738.696183,3277633.98907,4.275,4,5.0,1.0,-3.0,1
0,17,48,37400,365738.820035,3277633.21696,4.042,4,5.0,1.0,-3.0,1
0,17,48,37600,365738.924258,3277632.43031,4.035,4,5.0,1.0,-3.0,1
0,17,48,37800,365738.979374,3277631.69006,4.018,4,5.0,1.0,-3.0,1
0,17,48,38000,365739.082999,3277630.93364,3.99,4,5.0,1.0,-3.0,1
0,17,48,38200,365738.944633,3277630.14264,3.965,4,5.0,1.0,-3.0,1
0,17,48,38400,365738.892369,3277629.42637,3.927,4,5.0,1.0,-3.0,1
0,17,48,38600,365738.78093,3277628.84855,3.849,4,5.0,1.0,-3.0,1
0,17,48,38800,365738.732485,3277628.16818,3.892,4,5.0,1.0,-3.0,1
0,17,48,39000,365738.659127,3277627.41264,3.861,4,5.0,1.0,-3.0,1
8,17,48,30090,0,3277904.91899,14.2193759292,4,3.2,5,-5,2
0,17,48,39200,365738.441948,3277626.66032,3.827,4,5.0,1.0,-3.0,1
8,17,48,30290.0,0,3277902.07355,14.2350146971,4,3.2,5,-5,2
0,17,48,39400,365738.186577,3277625.97852,3.655,4,5.0,1.0,-3.0,1
8,17,48,30547,0,3277899.19681,14.057167096,4,3.2,5,-5,2
0,17,48,39600,365737.890875,3277625.30156,3.824,4,5.0,1.0,-3.0,1
8,17,48,30699,0,3277896.78867,13.9718383317,4,3.2,5,-5,2
0,17,48,39800.0,365737.604519,3277624.59533,3.791,4,5.0,1.0,-3.0,1
8,17,48,30902,0,3277894.02769,13.9666150489,4,3.2,5,-5,2
0,17,48,40000.0,365737.323614,3277623.89685,3.763,4,5.0,1.0,-3.0,1
8,17,48,31105,0,3277891.22634,13.9291673734,4,3.2,5,-5,2
0,17,48,40200.0,365737.016619,3277623.20683,3.667,4,5.0,1.0,-3.0,1
8,17,48,31309,0,3277888.82203,13.8116448446,4,3.2,5,-5,2
0,17,48,40400.0,365736.76031,3277622.52115,3.673,4,5.0,1.0,-3.0,1
8,17,48,31512,0,3277885.78571,13.8195950769,4,3.2,5,-5,2
8,17,48,31715,0,3277883.20967,13.8963636445,4,3.2,5,-5,2
8,17,48,31914,0,3277880.5508,13.9013197322,4,3.2,5,-5,2
8,17,48,32113,0,3277877.81135,13.8963870291,4,3.2,5,-5,2
8,17,48,32320,0,3277875.09528,13.9946426878,4,3.2,5,-5,2
8,17,48,32523,0,3277872.12707,13.9969545482,4,3.2,5,-5,2
8,17,48,32723,0,3277869.38436,14.0003969726,4,3.2,5,-5,2
8,17,48,32926,0,3277866.61442,14.0520814776,4,3.2,5,-5,2
8,17,48,33133,0,3277863.92463,14.0938210001,4,3.2,5,-5,2
8,17,48,33332,0,3277861.03292,14.1096244722,4,3.2,5,-5,2
8,17,48,33531,0,3277858.34859,14.1739258254,4,3.2,5,-5,2
8,17,48,33734,0,3277855.43931,14.3017934576,4,3.2,5,-5,2
8,17,48,33938,0,3277852.54942,14.313003305,4,3.2,5,-5,2
8,17,48,34141,0,3277849.54875,14.399604941,4,3.2,5,-5,2
8,17,48,34344,0,3277846.7792,14.3989259361,4,3.2,5,-5,2
8,17,48,34547,0,3277843.88425,14.2934721812,4,3.2,5,-5,2
8,17,48,34746,0,3277841.02985,14.2862084981,4,3.2,5,-5,2
8,17,48,34945,0,3277838.36155,14.2993484679,4,3.2,5,-5,2
8,17,48,35152,0,3277835.61317,14.2133484067,4,3.2,5,-5,2
8,17,48,35355,0,3277832.83278,14.2137854786,4,3.2,5,-5,2
8,17,48,35555,0,3277829.96583,14.1933245242,4,3.2,5,-5,2
8,17,48,35758,0,3277827.28486,14.0850365828,4,3.2,5,-5,2
8,17,48,35961,0,3277824.46373,14.0931217519,4,3.2,5,-5,2
8,17,48,36164,0,3277821.71782,14.0475737527,4,3.2,5,-5,2
8,17,48,36363,0,3277818.90015,14.1483546134,4,3.2,5,-5,2
8,17,48,36566,0,3277816.21187,14.159959322,4,3.2,5,-5,2
8,17,48,36770,0,3277813.3916,14.2060650375,4,3.2,5,-5,2
8,17,48,36973,0,3277810.54567,14.2176240582,4,3.2,5,-5,2
8,17,48,37176,0,3277807.60338,14.1286845671,4,3.2,5,-5,2
8,17,48,37375,0,3277804.90943,14.0373538531,4,3.2,5,-5,2
8,17,48,37578,0,3277802.06637,14.0379313392,4,3.2,5,-5,2
8,17,48,37777,0,3277799.29377,13.9506194605,4,3.2,5,-5,2
8,17,48,37984,0,3277796.51405,13.9102969186,4,3.2,5,-5,2
8,17,48,38188,0,3277793.76191,13.8642996866,4,3.2,5,-5,2
8,17,48,38387,0,3277791.04655,13.7459251011,4,3.2,5,-5,2
8,17,48,38586,0,3277788.38642,13.7447086907,4,3.2,5,-5,2
8,17,48,38793,0,3277785.66934,13.6292156643,4,3.2,5,-5,2
8,17,48,38996,0,3277782.93127,13.5408116927,4,3.2,5,-5,2
8,17,48,39195,0,3277780.22767,13.4266440007,4,3.2,5,-5,2
8,17,48,39398,0,3277777.57117,13.3229982832,4,3.2,5,-5,2
8,17,48,39602,0,3277774.94338,13.2084966581,4,3.2,5,-5,2